{
 "cells": [
  {
   "cell_type": "code",
   "execution_count": 10,
   "metadata": {},
   "outputs": [
    {
     "name": "stdout",
     "output_type": "stream",
     "text": [
      "['U[V] ; I[A] ; j[mA/cm^2] ; P[mW/cm^2]\\n', '1.2 ; 0.0016649 ; 20.8118375 ; 24.974205\\n', '1.1766667 ; 0.0009455 ; 11.8182562 ; 13.9061482\\n', '1.1533333 ; 0.0007314 ; 9.142985 ; 10.5449094\\n', '1.13 ; 0.0005438 ; 6.7977675 ; 7.6814773\\n', '1.1066667 ; 0.0003807 ; 4.7582825 ; 5.2658326\\n', '1.0833333 ; 0.0002361 ; 2.95165 ; 3.1976208\\n', '1.06 ; 0.0001112 ; 1.389795 ; 1.4731827\\n', '1.0366667 ; 7.9e-06 ; 0.0992689 ; 0.1029088\\n', '1.0133333 ; -8.02e-05 ; -1.0020675 ; -1.0154284\\n', '0.99 ; -0.0001565 ; -1.9566913 ; -1.9371243\\n', '0.9666667 ; -0.0002187 ; -2.733175 ; -2.6420692\\n', '0.9433333 ; -0.0002693 ; -3.3666913 ; -3.1759121\\n', '0.92 ; -0.0003116 ; -3.894765 ; -3.5831838\\n', '0.8966667 ; -0.0003498 ; -4.3723275 ; -3.9205203\\n', '0.8733333 ; -0.0003837 ; -4.7965137 ; -4.1889553\\n', '0.85 ; -0.0004108 ; -5.1346213 ; -4.3644281\\n', '0.8266667 ; -0.0004379 ; -5.4734425 ; -4.5247125\\n', '0.8033333 ; -0.000462 ; -5.77456 ; -4.6388965\\n', '0.78 ; -0.0004839 ; -6.048345 ; -4.7177091\\n', '0.7566667 ; -0.000506 ; -6.3255663 ; -4.7863451\\n', '0.7333333 ; -0.0005252 ; -6.5643925 ; -4.8138878\\n', '0.71 ; -0.0005449 ; -6.8117538 ; -4.8363452\\n', '0.6866667 ; -0.000562 ; -7.0252675 ; -4.824017\\n', '0.6633333 ; -0.0005766 ; -7.2076575 ; -4.7810795\\n', '0.64 ; -0.0005938 ; -7.4222275 ; -4.7502256\\n', '0.6166667 ; -0.0006098 ; -7.6220275 ; -4.7002503\\n', '0.5933333 ; -0.0006256 ; -7.8203925 ; -4.6400995\\n', '0.57 ; -0.0006376 ; -7.969395 ; -4.5425551\\n', '0.5466667 ; -0.0006502 ; -8.1271838 ; -4.4428604\\n', '0.5233333 ; -0.0006661 ; -8.3264925 ; -4.3575311\\n', '0.5 ; -0.0006754 ; -8.44218 ; -4.22109\\n', '0.4766667 ; -0.000687 ; -8.5873575 ; -4.0933071\\n', '0.4533333 ; -0.0006992 ; -8.7399288 ; -3.962101\\n', '0.43 ; -0.0007072 ; -8.84032 ; -3.8013376\\n', '0.4066667 ; -0.0007168 ; -8.9600075 ; -3.6437364\\n', '0.3833333 ; -0.0007257 ; -9.0715375 ; -3.4774227\\n', '0.36 ; -0.0007335 ; -9.1688 ; -3.300768\\n', '0.3366667 ; -0.0007412 ; -9.2644613 ; -3.1190353\\n', '0.3133333 ; -0.0007465 ; -9.3317287 ; -2.9239417\\n', '0.29 ; -0.0007485 ; -9.3562413 ; -2.71331\\n', '0.2666667 ; -0.0007526 ; -9.4069775 ; -2.5085273\\n', '0.2433333 ; -0.0007567 ; -9.4590725 ; -2.3017076\\n', '0.22 ; -0.0007609 ; -9.511565 ; -2.0925443\\n', '0.1966667 ; -0.0007609 ; -9.5116975 ; -1.8706338\\n', '0.1733333 ; -0.0007625 ; -9.530755 ; -1.6519975\\n', '0.15 ; -0.0007657 ; -9.5714638 ; -1.4357196\\n', '0.1266667 ; -0.0007648 ; -9.5599925 ; -1.2109324\\n', '0.1033333 ; -0.0007641 ; -9.5511213 ; -0.9869492\\n', '0.08 ; -0.0007631 ; -9.5392038 ; -0.7631363\\n', '0.0566667 ; -0.0007641 ; -9.5508112 ; -0.5412126\\n', '0.0333333 ; -0.0007636 ; -9.545485 ; -0.3181828\\n', '0.01 ; -0.0007606 ; -9.507875 ; -0.0950787\\n', '-0.0133333 ; -0.0007594 ; -9.4919412 ; 0.1265592\\n', '-0.0366667 ; -0.00076 ; -9.5005525 ; 0.3483536\\n', '-0.06 ; -0.0007562 ; -9.452765 ; 0.5671659\\n', '-0.0833333 ; -0.0007586 ; -9.4825662 ; 0.7902139\\n', '-0.1066667 ; -0.0007569 ; -9.4609075 ; 1.0091635\\n', '-0.13 ; -0.0007564 ; -9.4552562 ; 1.2291833\\n', '-0.1533333 ; -0.000752 ; -9.4005575 ; 1.4414188\\n', '-0.1766667 ; -0.0007523 ; -9.403595 ; 1.6613018\\n', '-0.2 ; -0.0007524 ; -9.4045075 ; 1.8809015']\n",
      "[1.2, 1.1766667, 1.1533333, 1.13, 1.1066667, 1.0833333, 1.06, 1.0366667, 1.0133333, 0.99, 0.9666667, 0.9433333, 0.92, 0.8966667, 0.8733333, 0.85, 0.8266667, 0.8033333, 0.78, 0.7566667, 0.7333333, 0.71, 0.6866667, 0.6633333, 0.64, 0.6166667, 0.5933333, 0.57, 0.5466667, 0.5233333, 0.5, 0.4766667, 0.4533333, 0.43, 0.4066667, 0.3833333, 0.36, 0.3366667, 0.3133333, 0.29, 0.2666667, 0.2433333, 0.22, 0.1966667, 0.1733333, 0.15, 0.1266667, 0.1033333, 0.08, 0.0566667, 0.0333333, 0.01, -0.0133333, -0.0366667, -0.06, -0.0833333, -0.1066667, -0.13, -0.1533333, -0.1766667, -0.2]\n",
      "[0.0016649, 0.0009455, 0.0007314, 0.0005438, 0.0003807, 0.0002361, 0.0001112, 7.9e-06, -8.02e-05, -0.0001565, -0.0002187, -0.0002693, -0.0003116, -0.0003498, -0.0003837, -0.0004108, -0.0004379, -0.000462, -0.0004839, -0.000506, -0.0005252, -0.0005449, -0.000562, -0.0005766, -0.0005938, -0.0006098, -0.0006256, -0.0006376, -0.0006502, -0.0006661, -0.0006754, -0.000687, -0.0006992, -0.0007072, -0.0007168, -0.0007257, -0.0007335, -0.0007412, -0.0007465, -0.0007485, -0.0007526, -0.0007567, -0.0007609, -0.0007609, -0.0007625, -0.0007657, -0.0007648, -0.0007641, -0.0007631, -0.0007641, -0.0007636, -0.0007606, -0.0007594, -0.00076, -0.0007562, -0.0007586, -0.0007569, -0.0007564, -0.000752, -0.0007523, -0.0007524]\n",
      "[20.8118375, 11.8182562, 9.142985, 6.7977675, 4.7582825, 2.95165, 1.389795, 0.0992689, -1.0020675, -1.9566913, -2.733175, -3.3666913, -3.894765, -4.3723275, -4.7965137, -5.1346213, -5.4734425, -5.77456, -6.048345, -6.3255663, -6.5643925, -6.8117538, -7.0252675, -7.2076575, -7.4222275, -7.6220275, -7.8203925, -7.969395, -8.1271838, -8.3264925, -8.44218, -8.5873575, -8.7399288, -8.84032, -8.9600075, -9.0715375, -9.1688, -9.2644613, -9.3317287, -9.3562413, -9.4069775, -9.4590725, -9.511565, -9.5116975, -9.530755, -9.5714638, -9.5599925, -9.5511213, -9.5392038, -9.5508112, -9.545485, -9.507875, -9.4919412, -9.5005525, -9.452765, -9.4825662, -9.4609075, -9.4552562, -9.4005575, -9.403595, -9.4045075]\n",
      "[24.974205, 13.9061482, 10.5449094, 7.6814773, 5.2658326, 3.1976208, 1.4731827, 0.1029088, -1.0154284, -1.9371243, -2.6420692, -3.1759121, -3.5831838, -3.9205203, -4.1889553, -4.3644281, -4.5247125, -4.6388965, -4.7177091, -4.7863451, -4.8138878, -4.8363452, -4.824017, -4.7810795, -4.7502256, -4.7002503, -4.6400995, -4.5425551, -4.4428604, -4.3575311, -4.22109, -4.0933071, -3.962101, -3.8013376, -3.6437364, -3.4774227, -3.300768, -3.1190353, -2.9239417, -2.71331, -2.5085273, -2.3017076, -2.0925443, -1.8706338, -1.6519975, -1.4357196, -1.2109324, -0.9869492, -0.7631363, -0.5412126, -0.3181828, -0.0950787, 0.1265592, 0.3483536, 0.5671659, 0.7902139, 1.0091635, 1.2291833, 1.4414188, 1.6613018, 1.8809015]\n",
      "2.4974205000000005\n"
     ]
    }
   ],
   "source": [
    "class TxtAnalyzer():\n",
    "    def __init__(self, pav, skirt):\n",
    "        self.pavadinimas = pav \n",
    "        self.skirtukas = skirt\n",
    "        self.I = []\n",
    "        self.U = [] \n",
    "        self.J = []\n",
    "        self.P = []\n",
    "        pass\n",
    "    \n",
    "    def TxtReader(self):\n",
    "        fname = self.pavadinimas\n",
    "        f = open (fname, mode='r', encoding='utf-8')\n",
    "        tekstas = f.readlines()\n",
    "        print(tekstas)\n",
    "        f.close()\n",
    "\n",
    "        for eilute in tekstas [1::]:\n",
    "            self.I.append(float(eilute.split(self.skirtukas)[0]))\n",
    "            self.U.append(float(eilute.split(self.skirtukas)[1]))\n",
    "            self.J.append(float(eilute.split(self.skirtukas)[2]))\n",
    "            self.P.append(float(eilute.split(self.skirtukas)[3].replace('\\n', '')))\n",
    "        print(self.I)\n",
    "        print(self.U)\n",
    "        print(self.J)\n",
    "        print(self.P)\n",
    "\n",
    "    def getPmax(self):\n",
    "        Pmax = max((self.P))\n",
    "        return Pmax\n",
    "        \n",
    "    def getPCE(self):\n",
    "        Pmax= self.getPmax()\n",
    "        PCE = (Pmax / 1000 *100)\n",
    "        return PCE\n",
    "    \n",
    "\n",
    "z = TxtAnalyzer('REF_D_1k_FW_2.05.dat', ';')\n",
    "z.TxtReader()\n",
    "print(z.getPCE())"
   ]
  },
  {
   "cell_type": "code",
   "execution_count": 1,
   "metadata": {},
   "outputs": [
    {
     "ename": "FileNotFoundError",
     "evalue": "[Errno 2] No such file or directory: 'REF_D_5k_FW_2.03.dat'",
     "output_type": "error",
     "traceback": [
      "\u001b[1;31m---------------------------------------------------------------------------\u001b[0m",
      "\u001b[1;31mFileNotFoundError\u001b[0m                         Traceback (most recent call last)",
      "Cell \u001b[1;32mIn[1], line 29\u001b[0m\n\u001b[0;32m     26\u001b[0m         PCE \u001b[38;5;241m=\u001b[39m \u001b[38;5;28mround\u001b[39m((Pmax \u001b[38;5;241m/\u001b[39m \u001b[38;5;241m1000\u001b[39m \u001b[38;5;241m*\u001b[39m \u001b[38;5;241m100\u001b[39m),\u001b[38;5;241m2\u001b[39m)\n\u001b[0;32m     27\u001b[0m         \u001b[38;5;28;01mreturn\u001b[39;00m PCE\n\u001b[1;32m---> 29\u001b[0m sarasas \u001b[38;5;241m=\u001b[39m \u001b[43mketuriolika_failu\u001b[49m\u001b[43m(\u001b[49m\u001b[38;5;124;43m'\u001b[39;49m\u001b[38;5;124;43mREF_D_5k_FW_2.03.dat\u001b[39;49m\u001b[38;5;124;43m'\u001b[39;49m\u001b[43m,\u001b[49m\u001b[38;5;124;43m'\u001b[39;49m\u001b[38;5;124;43m;\u001b[39;49m\u001b[38;5;124;43m'\u001b[39;49m\u001b[43m)\u001b[49m\n\u001b[0;32m     30\u001b[0m \u001b[38;5;66;03m# sarasas.__dataReader()\u001b[39;00m\n\u001b[0;32m     31\u001b[0m \u001b[38;5;28mprint\u001b[39m(sarasas\u001b[38;5;241m.\u001b[39mgetPCE())\n",
      "Cell \u001b[1;32mIn[1], line 9\u001b[0m, in \u001b[0;36mketuriolika_failu.__init__\u001b[1;34m(self, Pavadinimas, Skirtukas)\u001b[0m\n\u001b[0;32m      7\u001b[0m \u001b[38;5;28mself\u001b[39m\u001b[38;5;241m.\u001b[39mj \u001b[38;5;241m=\u001b[39m []\n\u001b[0;32m      8\u001b[0m \u001b[38;5;28mself\u001b[39m\u001b[38;5;241m.\u001b[39mp \u001b[38;5;241m=\u001b[39m []\n\u001b[1;32m----> 9\u001b[0m \u001b[38;5;28;43mself\u001b[39;49m\u001b[38;5;241;43m.\u001b[39;49m\u001b[43m__dataReader\u001b[49m\u001b[43m(\u001b[49m\u001b[43m)\u001b[49m\n",
      "Cell \u001b[1;32mIn[1], line 12\u001b[0m, in \u001b[0;36mketuriolika_failu.__dataReader\u001b[1;34m(self)\u001b[0m\n\u001b[0;32m     10\u001b[0m \u001b[38;5;28;01mdef\u001b[39;00m \u001b[38;5;21m__dataReader\u001b[39m(\u001b[38;5;28mself\u001b[39m):\n\u001b[0;32m     11\u001b[0m     fname \u001b[38;5;241m=\u001b[39m \u001b[38;5;28mself\u001b[39m\u001b[38;5;241m.\u001b[39mPavadinimas\n\u001b[1;32m---> 12\u001b[0m     file \u001b[38;5;241m=\u001b[39m \u001b[38;5;28;43mopen\u001b[39;49m\u001b[43m(\u001b[49m\u001b[43mfname\u001b[49m\u001b[43m,\u001b[49m\u001b[43m \u001b[49m\u001b[43mmode\u001b[49m\u001b[38;5;241;43m=\u001b[39;49m\u001b[38;5;124;43m'\u001b[39;49m\u001b[38;5;124;43mr\u001b[39;49m\u001b[38;5;124;43m'\u001b[39;49m\u001b[43m,\u001b[49m\u001b[43m \u001b[49m\u001b[43mencoding\u001b[49m\u001b[38;5;241;43m=\u001b[39;49m\u001b[43m \u001b[49m\u001b[38;5;124;43m'\u001b[39;49m\u001b[38;5;124;43mutf-8\u001b[39;49m\u001b[38;5;124;43m'\u001b[39;49m\u001b[43m)\u001b[49m\n\u001b[0;32m     13\u001b[0m     sarasas \u001b[38;5;241m=\u001b[39m file\u001b[38;5;241m.\u001b[39mreadlines()\n\u001b[0;32m     14\u001b[0m     file\u001b[38;5;241m.\u001b[39mclose()\n",
      "File \u001b[1;32m~\\AppData\\Local\\Packages\\PythonSoftwareFoundation.Python.3.12_qbz5n2kfra8p0\\LocalCache\\local-packages\\Python312\\site-packages\\IPython\\core\\interactiveshell.py:324\u001b[0m, in \u001b[0;36m_modified_open\u001b[1;34m(file, *args, **kwargs)\u001b[0m\n\u001b[0;32m    317\u001b[0m \u001b[38;5;28;01mif\u001b[39;00m file \u001b[38;5;129;01min\u001b[39;00m {\u001b[38;5;241m0\u001b[39m, \u001b[38;5;241m1\u001b[39m, \u001b[38;5;241m2\u001b[39m}:\n\u001b[0;32m    318\u001b[0m     \u001b[38;5;28;01mraise\u001b[39;00m \u001b[38;5;167;01mValueError\u001b[39;00m(\n\u001b[0;32m    319\u001b[0m         \u001b[38;5;124mf\u001b[39m\u001b[38;5;124m\"\u001b[39m\u001b[38;5;124mIPython won\u001b[39m\u001b[38;5;124m'\u001b[39m\u001b[38;5;124mt let you open fd=\u001b[39m\u001b[38;5;132;01m{\u001b[39;00mfile\u001b[38;5;132;01m}\u001b[39;00m\u001b[38;5;124m by default \u001b[39m\u001b[38;5;124m\"\u001b[39m\n\u001b[0;32m    320\u001b[0m         \u001b[38;5;124m\"\u001b[39m\u001b[38;5;124mas it is likely to crash IPython. If you know what you are doing, \u001b[39m\u001b[38;5;124m\"\u001b[39m\n\u001b[0;32m    321\u001b[0m         \u001b[38;5;124m\"\u001b[39m\u001b[38;5;124myou can use builtins\u001b[39m\u001b[38;5;124m'\u001b[39m\u001b[38;5;124m open.\u001b[39m\u001b[38;5;124m\"\u001b[39m\n\u001b[0;32m    322\u001b[0m     )\n\u001b[1;32m--> 324\u001b[0m \u001b[38;5;28;01mreturn\u001b[39;00m \u001b[43mio_open\u001b[49m\u001b[43m(\u001b[49m\u001b[43mfile\u001b[49m\u001b[43m,\u001b[49m\u001b[43m \u001b[49m\u001b[38;5;241;43m*\u001b[39;49m\u001b[43margs\u001b[49m\u001b[43m,\u001b[49m\u001b[43m \u001b[49m\u001b[38;5;241;43m*\u001b[39;49m\u001b[38;5;241;43m*\u001b[39;49m\u001b[43mkwargs\u001b[49m\u001b[43m)\u001b[49m\n",
      "\u001b[1;31mFileNotFoundError\u001b[0m: [Errno 2] No such file or directory: 'REF_D_5k_FW_2.03.dat'"
     ]
    }
   ],
   "source": [
    "class keturiolika_failu():\n",
    "    def __init__(self, Pavadinimas, Skirtukas):\n",
    "        self.Pavadinimas = Pavadinimas\n",
    "        self.Skirtukas = Skirtukas\n",
    "        self.I = []\n",
    "        self.U = []\n",
    "        self.j = []\n",
    "        self.p = []\n",
    "        self.__dataReader() # kreipiasi i dataReader; __ padar privaciu ir naudojami tik klases viduje\n",
    "    def __dataReader(self):\n",
    "        fname = self.Pavadinimas\n",
    "        file = open(fname, mode='r', encoding= 'utf-8')\n",
    "        sarasas = file.readlines()\n",
    "        file.close()\n",
    "        for eilute in sarasas[1::]:\n",
    "            self.I.append(float(eilute.split(self.Skirtukas)[0]))\n",
    "            self.U.append(float(eilute.split(self.Skirtukas)[1]))           \n",
    "            self.j.append(float(eilute.split(self.Skirtukas)[2]))\n",
    "            self.p.append(float(eilute.split(self.Skirtukas)[3].replace('\\n', '')))\n",
    "    def getPmax(self):\n",
    "        Pmax = (max(self.p))\n",
    "        return Pmax\n",
    "    \n",
    "    def getPCE(self):\n",
    "        Pmax= self.getPmax()\n",
    "        PCE = round((Pmax / 1000 * 100),2)\n",
    "        return PCE\n",
    "    \n",
    "sarasas = keturiolika_failu('REF_D_5k_FW_2.03.dat',';')\n",
    "# sarasas.__dataReader()\n",
    "print(sarasas.getPCE())"
   ]
  }
 ],
 "metadata": {
  "kernelspec": {
   "display_name": "Python 3",
   "language": "python",
   "name": "python3"
  },
  "language_info": {
   "codemirror_mode": {
    "name": "ipython",
    "version": 3
   },
   "file_extension": ".py",
   "mimetype": "text/x-python",
   "name": "python",
   "nbconvert_exporter": "python",
   "pygments_lexer": "ipython3",
   "version": "3.12.2"
  }
 },
 "nbformat": 4,
 "nbformat_minor": 2
}
